Canada;100;0;0;0;0;0;0;0;0;0;0;200;0;0;0;400;0;40;20;0;0;0;0;0;0;0;0
USA;1150;0;0;0;0;0;0;0;0;0;200;200;640;0;0;200;0;40;20;0;0;0;0;0;0;0;0
Singapore;30;0;0;0;0;0;0;0;0;0;0;200;0;0;0;400;0;40;20;0;0;0;0;0;0;0;0
Burkina-Faso;30;0;0;0;0;0;0;0;0;0;0;0;0;0;0;0;0;0;0;200;0;0;0;400;0;30;20
Mexico;420;0;0;0;0;0;0;0;0;0;0;0;0;0;0;0;0;0;0;200;0;0;0;160;0;30;20
Guatemala;30;0;0;0;0;0;0;0;0;0;0;0;0;0;0;0;0;0;0;200;0;0;0;400;0;30;20
Belize;30;0;0;0;0;0;0;0;0;0;0;0;0;0;0;0;0;0;0;200;0;0;0;400;0;30;20
Gonduras;30;0;0;0;0;0;0;0;0;0;0;0;0;0;0;0;0;0;0;200;0;0;0;400;0;30;20
Salvador;30;0;0;0;0;0;0;0;0;0;0;0;0;0;0;0;0;0;0;200;0;0;0;400;0;30;20
Nicaragua;30;0;0;0;0;0;0;0;0;0;0;0;0;0;0;0;0;0;0;200;0;0;0;400;0;30;20
Costa Rica;30;0;0;0;0;0;0;0;0;0;0;0;0;0;0;0;0;0;0;200;0;0;0;400;0;30;20
Panama;30;0;0;0;0;0;0;0;0;0;0;0;0;0;0;0;0;0;0;200;0;0;0;400;0;30;20
Jamaica;30;0;0;0;0;0;0;0;0;0;0;0;0;0;0;0;0;0;0;200;0;0;0;400;0;30;20
Cuba;105;0;0;0;0;0;0;0;0;0;0;0;0;0;0;0;0;0;0;200;0;0;0;400;0;30;20
Bahamas;30;0;0;0;0;0;0;0;0;0;0;0;0;0;0;0;0;0;0;200;0;0;0;400;0;30;20
Puerto Rico;30;0;0;0;0;0;0;0;0;0;0;0;0;0;0;0;0;0;0;200;0;0;0;400;0;30;20
UK;310;0;0;0;0;0;0;0;0;0;200;480;0;0;0;0;0;0;0;200;0;0;0;400;0;30;20
Haiti;30;0;0;0;0;0;0;0;0;0;0;0;0;0;0;0;0;0;0;200;0;0;0;400;0;30;20
Dominican Republic;30;0;0;0;0;0;0;0;0;0;0;0;0;0;0;0;0;0;0;200;0;0;0;400;0;30;20
Saint Kitts and Nevis;30;0;0;0;0;0;0;0;0;0;0;0;0;0;0;0;0;0;0;200;0;0;0;400;0;30;20
Antigua and Barbuda;30;0;0;0;0;0;0;0;0;0;0;0;0;0;0;0;0;0;0;200;0;0;0;400;0;30;20
France;360;0;0;0;0;0;0;0;0;0;0;200;560;0;0;400;0;40;20;0;0;0;0;0;0;0;0
Dominica;30;0;0;0;0;0;0;0;0;0;0;0;0;0;0;0;0;0;0;200;0;0;0;400;0;30;20
Saint Lucia;30;0;0;0;0;0;0;0;0;0;0;0;0;0;0;0;0;0;0;200;0;0;0;400;0;30;20
Saint Vincent and the Grenadines;30;0;0;0;0;0;0;0;0;0;0;0;0;0;0;0;0;0;0;200;0;0;0;400;0;30;20
Barbados;30;0;0;0;0;0;0;0;0;0;0;0;0;0;0;0;0;0;0;200;0;0;0;400;0;30;20
Grenada;30;0;0;0;0;0;0;0;0;0;0;0;0;0;0;0;0;0;0;200;0;0;0;400;0;30;20
Trinidad and Tobago;30;0;0;0;0;0;0;0;0;0;0;0;0;0;0;0;0;0;0;200;0;0;0;400;0;30;20
Venezuela;25;0;0;0;0;0;0;0;0;0;0;0;0;0;0;0;0;0;0;200;0;0;0;400;0;30;20
Colombia;30;0;0;0;0;0;0;0;0;0;0;0;0;0;0;0;0;0;0;200;0;0;0;400;0;30;20
Ecuador;15;0;0;0;0;0;0;0;0;0;0;0;0;0;0;0;0;0;0;200;0;0;0;400;0;30;20
Peru;25;0;0;0;0;0;0;0;0;0;0;0;0;0;0;0;0;0;0;200;0;0;0;400;0;30;20
Bolivia;40;0;0;0;0;0;0;0;0;0;0;0;0;0;0;0;0;0;0;200;0;0;0;400;0;30;20
Chile;30;0;0;0;0;0;0;0;0;0;0;0;0;0;0;0;0;0;0;200;0;0;0;400;0;30;20
Argentina;80;0;0;0;0;0;0;0;0;0;0;0;0;0;0;0;0;0;0;200;0;0;0;40;0;30;20
Paraguay;30;0;0;0;0;0;0;0;0;0;0;0;0;0;0;0;0;0;0;200;0;0;0;400;0;30;20
Uruguay;30;0;0;0;0;0;0;0;0;0;0;0;0;0;0;0;0;0;0;200;0;0;0;400;0;30;20
Brazil;80;0;0;0;0;0;0;0;0;0;0;0;0;0;0;0;0;0;0;200;0;40;0;400;0;30;20
Suriname;30;0;0;0;0;0;0;0;0;0;0;0;0;0;0;0;0;0;0;200;0;0;0;400;0;30;20
Guyana;30;0;0;0;0;0;0;0;0;0;0;0;0;0;0;0;0;0;0;200;0;0;0;400;0;30;20
Cabo Verde;30;0;0;0;0;0;0;0;0;0;0;0;0;0;0;0;0;0;0;200;0;0;0;400;0;30;20
West Sakhara;30;0;0;0;0;0;0;0;0;0;0;0;0;0;0;0;0;0;0;200;0;0;0;400;0;30;20
Mavritaniya;30;0;0;0;0;0;0;0;0;0;0;0;0;0;0;0;0;0;0;200;0;0;0;400;0;30;20
Senegal;30;0;0;0;0;0;0;0;0;0;0;0;0;0;0;0;0;0;0;200;0;0;0;400;0;30;20
Gambia;30;0;0;0;0;0;0;0;0;0;0;0;0;0;0;0;0;0;0;200;0;0;0;400;0;30;20
Guinea-Bissau;30;0;0;0;0;0;0;0;0;0;0;0;0;0;0;0;0;0;0;200;0;0;0;400;0;30;20
Guinea;30;0;0;0;0;0;0;0;0;0;0;0;0;0;0;0;0;0;0;200;0;0;0;400;0;30;20
Sierra Leone;30;0;0;0;0;0;0;0;0;0;0;0;0;0;0;0;0;0;0;200;0;0;0;400;0;30;20
Liberia;30;0;0;0;0;0;0;0;0;0;0;0;0;0;0;0;0;0;0;200;0;0;0;400;0;30;20
Cote d'Ivoire;30;0;0;0;0;0;0;0;0;0;0;0;0;0;0;0;0;0;0;200;0;0;0;400;0;30;20
Gana;30;0;0;0;0;0;0;0;0;0;0;0;0;0;0;0;0;0;0;200;0;0;0;400;0;30;20
Togo;30;0;0;0;0;0;0;0;0;0;0;0;0;0;0;0;0;0;0;200;0;0;0;400;0;30;20
Benin;30;0;0;0;0;0;0;0;0;0;0;0;0;0;0;0;0;0;0;200;0;0;0;400;0;30;20
Nigeria;15;0;0;0;0;0;0;0;0;0;0;0;0;0;0;0;0;0;0;200;0;0;0;400;0;30;20
Cameroon;30;0;0;0;0;0;0;0;0;0;0;0;0;0;0;0;0;0;0;200;0;0;0;400;0;30;20
Gabon;30;0;0;0;0;0;0;0;0;0;0;0;0;0;0;0;0;0;0;200;0;0;0;400;0;30;20
Equatorial Guinea;30;0;0;0;0;0;0;0;0;0;0;0;0;0;0;0;0;0;0;200;0;0;0;400;0;30;20
Sao Tome;30;0;0;0;0;0;0;0;0;0;0;0;0;0;0;0;0;0;0;200;0;0;0;400;0;30;20
Congo;40;0;0;0;0;0;0;0;0;0;0;0;0;0;0;0;0;0;0;200;0;0;0;400;0;30;20
Democratic Republic of the Congo;40;0;0;0;0;0;0;0;0;0;0;0;0;0;0;0;0;0;0;200;0;0;0;400;0;30;20
Angola;40;0;0;0;0;0;0;0;0;0;0;0;0;0;0;0;0;0;0;200;0;0;0;400;0;30;20
Namibia;30;0;0;0;0;0;0;0;0;0;0;0;0;0;0;0;0;0;0;200;0;0;0;400;0;30;20
South African Republic;345;0;0;0;0;0;0;0;0;0;0;0;0;0;0;0;0;0;0;200;0;200;0;400;0;30;20
Lesotho;30;0;0;0;0;0;0;0;0;0;0;0;0;0;0;0;0;0;0;200;0;0;0;400;0;30;20
Eswatini;30;0;0;0;0;0;0;0;0;0;0;0;0;0;0;0;0;0;0;200;0;0;0;400;0;30;20
Botswana;30;0;0;0;0;0;0;0;0;0;0;0;0;0;0;0;0;0;0;200;0;0;0;400;0;30;20
Zimbabwe;30;0;0;0;0;0;0;0;0;0;0;0;0;0;0;0;0;0;0;200;0;0;0;400;0;30;20
Mozambique;30;0;0;0;0;0;0;0;0;0;0;0;0;0;0;0;0;0;0;200;0;0;0;400;0;30;20
Malawi;30;0;0;0;0;0;0;0;0;0;0;0;0;0;0;0;0;0;0;200;0;0;0;400;0;30;20
Zambia;30;0;0;0;0;0;0;0;0;0;0;0;0;0;0;0;0;0;0;200;0;0;0;400;0;30;20
Tanzania;30;0;0;0;0;0;0;0;0;0;0;0;0;0;0;0;0;0;0;200;0;0;0;400;0;30;20
Burundi;30;0;0;0;0;0;0;0;0;0;0;0;0;0;0;0;0;0;0;200;0;0;0;400;0;30;20
Rwanda;40;0;0;0;0;0;0;0;0;0;0;0;0;0;0;0;0;0;0;200;0;0;0;400;0;30;20
Uganda;30;0;0;0;0;0;0;0;0;0;0;0;0;0;0;0;0;0;0;200;0;0;0;400;0;30;20
Kenya;30;0;0;0;0;0;0;0;0;0;0;0;0;0;0;0;0;0;0;200;0;0;0;400;0;30;20
Somalia;40;0;0;0;0;0;0;0;0;0;0;0;0;0;0;0;0;0;0;200;0;0;0;400;0;30;20
Ethiopia;30;0;0;0;0;0;0;0;0;0;0;0;0;0;0;0;0;0;0;200;0;0;0;400;0;30;20
Djibouti;30;0;0;0;0;0;0;0;0;0;0;0;0;0;0;0;0;0;0;200;0;0;0;400;0;30;20
Eritrea;30;0;0;0;0;0;0;0;0;0;0;0;0;0;0;0;0;0;0;200;0;0;0;400;0;30;20
Sudan;30;0;0;0;0;0;0;0;0;0;0;0;0;0;0;0;0;0;0;200;0;0;0;400;0;30;20
Central African Republic;30;0;0;0;0;0;0;0;0;0;0;0;0;0;0;0;0;0;0;200;0;0;0;400;0;30;20
Chad;30;0;0;0;0;0;0;0;0;0;0;0;0;0;0;0;0;0;0;200;0;0;0;400;0;30;20
Niger;30;0;0;0;0;0;0;0;0;0;0;0;0;0;0;0;0;0;0;200;0;0;0;400;0;30;20
Mali;30;0;0;0;0;0;0;0;0;0;0;0;0;0;0;0;0;0;0;200;0;0;0;400;0;30;20
Algeria;30;0;0;0;0;0;0;0;0;0;0;0;0;0;0;0;0;0;0;200;0;0;0;400;0;30;20
Marocco;30;0;0;0;0;0;0;0;0;0;0;0;0;0;0;0;0;0;0;200;0;0;0;400;0;30;20
Tunisia;40;0;0;0;0;0;0;0;0;0;0;0;0;0;0;0;0;0;0;200;0;0;0;400;0;30;20
Lybia;40;0;0;0;0;0;0;0;0;0;0;0;0;0;0;0;0;0;0;200;0;0;0;400;0;30;20
Egypt;450;400;0;0;0;600;0;0;0;40;30;0;0;0;0;0;0;0;0;0;0;320;0;0;0;0;0
Israel;100;0;0;0;0;0;0;0;0;0;0;120;0;0;0;400;0;40;20;0;0;0;0;0;0;0;0
Palestine;40;0;0;0;0;0;0;0;0;0;0;0;0;0;0;0;0;0;0;200;0;0;0;400;0;30;20
Jordan;40;0;0;0;0;0;0;0;0;0;0;0;0;0;0;0;0;0;0;200;0;0;0;400;0;30;20
Saudi Arabia;50;0;0;0;0;0;0;0;0;0;0;200;0;0;0;400;0;40;20;0;0;0;0;0;0;0;0
Yemen;15;0;0;0;0;0;0;0;0;0;0;0;0;0;0;0;0;0;0;200;0;0;0;400;0;30;20
Oman;15;0;0;0;0;0;0;0;0;0;0;0;0;0;0;0;0;0;0;200;0;0;0;400;0;30;20
United Arab Emirates;15;0;0;0;0;0;0;0;0;0;0;200;0;0;0;400;0;40;20;0;0;0;0;0;0;0;0
Qatar;30;0;0;0;0;0;0;0;0;0;0;0;0;0;0;0;0;0;0;200;0;0;0;400;0;30;20
Bahrain;30;0;0;0;0;0;0;0;0;0;0;0;0;0;0;0;0;0;0;200;0;0;0;400;0;30;20
Kuwait;30;0;0;0;0;0;0;0;0;0;0;0;0;0;0;0;0;0;0;200;0;0;0;400;0;30;20
Iraq;25;0;0;0;0;0;0;0;0;0;0;0;0;0;0;0;0;0;0;200;0;0;0;400;0;30;20
Syria;25;0;0;0;0;0;0;0;0;0;0;0;0;0;0;0;0;0;0;200;0;0;0;400;0;30;20
Lebanon;30;0;0;0;0;0;0;0;0;0;0;0;0;0;0;0;0;0;0;200;0;0;0;400;0;30;20
Cyprus;30;0;0;0;0;0;0;0;0;0;0;200;0;0;0;400;0;40;20;0;0;0;0;0;0;0;0
Turkey;150;0;0;0;0;0;0;0;0;0;0;200;0;0;0;400;0;40;20;0;0;0;0;0;0;0;0
Greece;50;0;0;0;0;0;0;0;0;0;0;200;0;0;0;400;0;40;20;0;0;0;0;0;0;0;0
Albania;30;80;0;0;0;600;0;0;0;40;30;0;0;0;0;0;0;0;0;0;0;0;0;0;0;0;0
North Macedonia;30;400;0;0;0;600;0;0;0;40;30;0;0;0;0;0;0;0;0;0;0;0;0;0;0;0;0
Yugoslavia;120;360;0;0;0;600;0;0;0;40;30;0;0;0;0;0;0;0;0;0;0;0;0;0;0;0;0
Croatia;30;400;0;0;0;600;0;0;0;40;30;0;0;0;0;0;0;0;0;0;0;0;0;0;0;0;0
Slovenia;40;400;0;0;0;600;0;0;0;40;30;0;0;0;0;0;0;0;0;0;0;0;0;0;0;0;0
Italy;460;0;0;0;0;0;0;0;0;0;0;120;0;0;0;200;0;40;20;0;0;0;0;0;0;0;0
San-Marino;30;0;0;0;0;0;0;0;0;0;0;200;0;0;0;400;0;40;20;0;0;0;0;0;0;0;0
Vatican;30;0;0;0;0;0;0;0;0;0;0;200;0;0;0;400;0;40;20;0;0;0;0;0;0;0;0
Switzerland;30;0;0;0;0;0;0;0;0;0;0;200;0;0;0;400;0;40;20;0;0;0;0;0;0;0;0
Monaco;30;0;0;0;0;0;0;0;0;0;0;200;0;0;0;400;0;40;20;0;0;0;0;0;0;0;0
Andorra;30;0;0;0;0;0;0;0;0;0;0;200;0;0;0;400;0;40;20;0;0;0;0;0;0;0;0
Spain;150;0;0;0;0;0;0;0;0;0;0;200;0;0;0;400;0;40;20;0;0;0;0;0;0;0;0
Portugal;50;0;0;0;0;0;0;0;0;0;0;200;0;0;0;400;0;40;20;0;0;0;0;0;0;0;0
Ireland;40;0;0;0;0;0;0;0;0;0;0;200;0;0;0;400;0;40;20;0;0;0;0;0;0;0;0
Iceland;30;0;0;0;0;0;0;0;0;0;0;200;0;0;0;400;0;40;20;0;0;0;0;0;0;0;0
Denmark;30;0;0;0;0;0;0;0;0;0;0;200;0;0;0;400;0;40;20;0;0;0;0;0;0;0;0
Norway;50;0;0;0;0;0;0;0;0;0;0;200;0;0;0;400;0;40;20;0;0;0;0;0;0;0;0
Sweden;50;0;0;0;0;0;0;0;0;0;40;200;0;0;0;400;0;40;20;0;0;0;0;0;0;0;0
Finland;50;400;0;0;0;600;0;0;0;40;30;0;0;0;0;0;0;0;0;0;0;0;0;0;0;0;0
Estonia;40;400;0;0;0;600;0;0;0;40;30;0;0;0;0;0;0;0;0;0;0;0;0;0;0;0;0
Latvia;40;400;0;0;0;600;0;0;0;40;30;0;0;0;0;0;0;0;0;0;0;0;0;0;0;0;0
Lithuania;40;400;0;0;0;600;0;0;0;40;30;0;0;0;0;0;0;0;0;0;0;0;0;0;0;0;0
Poland;240;640;0;0;0;360;0;0;0;40;30;0;0;0;0;0;0;0;0;0;0;0;0;0;0;0;0
Germany;1090;0;0;0;0;0;0;0;0;0;0;200;840;0;0;400;0;40;20;0;0;0;0;0;0;0;0
Luxemburg;40;0;0;0;0;0;0;0;0;0;0;200;0;0;0;400;0;40;20;0;0;0;0;0;0;0;0
Belgium;30;0;0;0;0;0;0;0;0;0;0;200;0;0;0;400;0;40;20;0;0;0;0;0;0;0;0
Netherlands;30;0;0;0;0;0;0;0;0;0;0;200;0;0;0;400;0;40;20;0;0;0;0;0;0;0;0
Austria;590;0;0;0;0;0;0;0;0;0;0;200;0;0;0;400;0;40;20;0;0;0;0;0;0;0;0
Czechoslovakia;240;400;0;0;0;160;0;0;0;40;30;0;0;0;0;0;0;0;0;0;0;0;0;0;0;0;0
Hungary;30;400;0;0;0;600;0;0;0;40;30;0;0;0;0;0;0;0;0;0;0;0;0;0;0;0;0
Romania;30;160;0;0;0;600;0;0;0;40;30;0;0;0;0;0;0;0;0;0;0;0;0;0;0;0;0
Bulgaria;30;400;0;0;0;600;0;0;0;40;30;0;0;0;0;0;0;0;0;0;0;0;0;0;0;0;0
Moldavia;40;400;0;0;0;600;0;0;0;40;30;0;0;0;0;0;0;0;0;0;0;0;0;0;0;0;0
Transnistria;30;400;0;0;0;600;0;0;0;40;30;0;0;0;0;0;0;0;0;0;0;0;0;0;0;0;0
Ukraine;130;320;480;0;0;600;0;0;0;40;30;0;0;0;0;0;0;0;160;0;0;0;0;0;0;0;0
Belarus;40;400;0;0;0;600;0;0;0;40;30;0;0;0;0;0;0;0;0;0;0;0;0;0;0;0;0
Russia;1210;600;1080;0;0;600;0;0;0;40;30;0;0;0;0;0;0;0;240;0;0;0;0;0;0;0;0
China;1350;800;0;0;0;600;0;0;0;40;30;0;0;0;0;0;0;0;160;0;0;0;0;0;0;0;0
Taiwan;30;0;0;0;0;0;0;0;0;0;0;200;0;0;0;400;0;40;20;0;0;0;0;0;0;0;0
Vietnam;170;0;0;0;0;0;0;0;0;0;0;0;0;0;0;0;0;0;0;80;0;0;0;400;0;30;20
Cambodia;30;0;0;0;0;0;0;0;0;0;0;0;0;0;0;0;0;0;0;200;0;0;0;400;0;30;20
Laos;40;0;0;0;0;0;0;0;0;0;0;0;0;0;0;0;0;0;0;200;0;0;0;400;0;30;20
Thailand;50;0;0;0;0;0;0;0;0;0;0;200;0;0;0;400;0;40;20;0;0;0;0;0;0;0;0
Burma;30;0;0;0;0;0;0;0;0;0;0;0;0;0;0;0;0;0;0;200;0;0;0;400;0;30;20
Bangladesh;40;400;0;0;0;600;0;0;0;40;30;0;0;0;0;0;0;0;0;0;0;0;0;0;0;0;0
India;810;400;0;0;0;600;0;0;0;40;30;0;0;0;0;0;0;0;0;0;0;0;0;0;0;0;0
Sri Lanka;40;0;0;0;0;0;0;0;0;0;0;0;0;0;0;0;0;0;0;200;0;0;0;400;0;30;20
Nepal;40;0;0;0;0;0;0;0;0;0;0;0;0;0;0;0;0;0;0;200;0;0;0;400;0;30;20
Bhutan;30;0;0;0;0;0;0;0;0;0;0;0;0;0;0;0;0;0;0;200;0;0;0;400;0;30;20
Pakistan;80;400;0;0;0;600;0;0;0;40;30;0;0;0;0;0;0;0;0;0;0;0;0;80;0;0;0
Afghanistan;30;0;0;0;0;0;0;0;0;0;0;0;0;0;0;0;0;0;0;200;0;0;0;400;0;30;20
Tajikistan;30;400;0;0;0;600;0;0;0;40;30;0;0;0;0;0;0;0;0;0;0;0;0;0;0;0;0
Kyrgyzstan;30;400;0;0;0;600;0;0;0;40;30;0;0;0;0;0;0;0;0;0;0;0;0;0;0;0;0
Kazakh ASSR;380;400;0;0;0;600;0;0;200;200;30;0;0;0;0;0;0;0;0;0;0;0;0;0;0;0;0
Uzbekistan;60;400;0;0;0;600;0;0;0;100;100;0;0;0;0;0;0;0;0;0;0;0;0;0;0;0;0
Turkmenistan;60;400;0;0;0;600;0;0;0;100;100;0;0;0;0;0;0;0;0;0;0;0;0;0;0;0;0
Iran;90;0;0;0;0;0;0;0;0;0;0;0;0;0;0;0;0;0;0;200;0;0;0;400;0;30;20
Azerbaijan;50;160;0;0;0;600;0;0;0;40;30;0;0;0;0;0;0;0;0;0;0;0;0;0;0;0;0
Armenia;115;400;0;0;0;600;0;0;0;40;30;0;0;0;0;0;0;0;0;0;0;0;0;0;0;0;0
Georgia;65;400;0;0;0;600;0;0;0;40;30;0;0;0;0;0;0;0;0;0;0;0;0;0;0;0;0
Malaysia;110;0;0;0;0;0;0;0;0;0;0;200;0;0;0;400;0;40;20;0;0;0;0;0;0;0;0
Indonesia;120;0;0;0;0;0;0;0;0;0;0;200;0;0;0;400;0;40;20;0;0;0;0;0;0;0;0
Papua New Guinea;15;0;0;0;0;0;0;0;0;0;0;0;0;0;0;0;0;0;0;200;0;0;0;400;0;30;20
Philippines;110;0;0;0;0;0;0;0;0;0;0;0;0;0;0;0;0;0;0;200;0;0;0;400;0;30;20
North Korea;260;160;0;0;0;600;0;0;0;40;30;0;0;0;0;0;0;0;0;0;0;0;0;0;0;0;0
South Korea;170;0;0;0;0;0;0;0;0;0;0;80;0;0;0;400;0;40;20;0;0;0;0;0;0;0;0
Japan;160;0;0;0;0;0;0;0;0;0;0;160;0;0;0;400;0;40;20;0;0;0;0;0;0;0;0
Solomon Islands;40;0;0;0;0;0;0;0;0;0;0;0;0;0;0;0;0;0;0;200;0;0;0;400;0;30;20
New Zealand;40;0;0;0;0;0;0;0;0;0;0;200;0;0;0;400;0;40;20;0;0;0;0;0;0;0;0
Fiji;30;0;0;0;0;0;0;0;0;0;0;0;0;0;0;0;0;0;0;200;0;0;0;400;0;30;20
Australia;290;0;0;0;0;0;0;0;0;0;0;200;0;0;0;400;0;40;20;0;0;0;0;0;0;0;0
East Timor;30;0;0;0;0;0;0;0;0;0;0;0;0;0;0;0;0;0;0;200;0;0;0;400;0;30;20
Madagascar;30;0;0;0;0;0;0;0;0;0;0;0;0;0;0;0;0;0;0;200;0;0;0;400;0;30;20
Mongolia;40;400;0;0;0;600;0;0;0;40;30;0;0;0;0;0;0;0;0;0;0;0;0;0;0;0;0
Malta;30;0;0;0;0;0;0;0;0;0;0;200;0;0;0;400;0;40;20;0;0;0;0;0;0;0;0
Slovakia;0;400;0;0;0;600;0;0;0;40;30;0;0;0;0;0;0;0;0;0;0;0;0;0;0;0;0
Czechia;0;400;0;0;0;600;0;0;0;40;30;0;0;0;0;0;0;0;0;0;0;0;0;0;0;0;0
USSR;0;400;0;0;0;600;0;0;0;40;30;0;0;0;0;0;0;0;0;0;0;0;0;0;0;0;0
Zapadoslavia;0;400;0;0;0;600;0;0;0;40;30;0;0;0;0;0;0;0;0;0;0;0;0;0;0;0;0
Byzantium;0;0;0;0;0;0;0;0;0;0;0;200;0;0;0;400;0;40;20;0;0;0;0;0;0;0;0
Sparta;0;0;0;0;0;0;0;0;0;0;0;200;0;0;0;400;0;40;20;0;0;0;0;0;0;0;0
Great Macedonia;0;400;0;0;0;600;0;0;0;40;30;0;0;0;0;0;0;0;0;0;0;0;0;0;0;0;0
Transcaucasia;0;400;0;0;0;600;0;0;0;40;30;0;0;0;0;0;0;0;0;0;0;0;0;0;0;0;0
United Arab Republic;0;400;0;0;0;600;0;0;0;40;30;0;0;0;0;0;0;0;0;0;0;0;0;0;0;0;0
Gran Colombia;0;0;0;0;0;0;0;0;0;0;0;0;0;0;0;0;0;0;0;200;0;0;0;400;0;30;20
Turkic Union;0;400;0;0;0;600;0;0;0;40;30;0;0;0;0;0;0;0;0;0;0;0;0;0;0;0;0
Scandinavia;0;0;0;0;0;0;0;0;0;0;0;200;0;0;0;400;0;40;20;0;0;0;0;0;0;0;0
Intermarium;0;400;0;0;0;600;0;0;0;40;30;0;0;0;0;0;0;0;0;0;0;0;0;0;0;0;0
Sich;0;400;0;0;0;600;0;0;0;40;30;0;0;0;0;0;0;0;0;0;0;0;0;0;0;0;0
Roman Empire;0;400;0;0;0;600;0;0;0;40;30;0;0;0;0;0;0;0;0;0;0;0;0;0;0;0;0
Great Germania;0;0;0;0;0;0;0;0;0;0;0;200;0;0;0;400;0;40;20;0;0;0;0;0;0;0;0
Prussia;0;0;0;0;0;0;0;0;0;0;0;200;0;0;0;400;0;40;20;0;0;0;0;0;0;0;0
Great Moravia;0;400;0;0;0;600;0;0;0;40;30;0;0;0;0;0;0;0;0;0;0;0;0;0;0;0;0
Mongol Empire;0;400;0;0;0;600;0;0;0;40;30;0;0;0;0;0;0;0;0;0;0;0;0;0;0;0;0
Korea;0;400;0;0;0;600;0;0;0;40;30;0;0;0;0;0;0;0;0;0;0;0;0;0;0;0;0
Abyssinia;0;0;0;0;0;0;0;0;0;0;0;0;0;0;0;0;0;0;0;200;0;0;0;400;0;30;20
Holy Roman Empire;0;0;0;0;0;0;0;0;0;0;0;200;0;0;0;400;0;40;20;0;0;0;0;0;0;0;0
The Papal State;0;0;0;0;0;0;0;0;0;0;0;200;0;0;0;400;0;40;20;0;0;0;0;0;0;0;0
Francia;0;0;0;0;0;0;0;0;0;0;0;200;0;0;0;400;0;40;20;0;0;0;0;0;0;0;0
Great Britain;0;0;0;0;0;0;0;0;0;0;0;200;0;0;0;400;0;40;20;0;0;0;0;0;0;0;0
Iberia;0;0;0;0;0;0;0;0;0;0;0;200;0;0;0;400;0;40;20;0;0;0;0;0;0;0;0
Baltia;0;400;0;0;0;600;0;0;0;40;30;0;0;0;0;0;0;0;0;0;0;0;0;0;0;0;0
Polish-Lithuanian Commonwealth;0;400;0;0;0;600;0;0;0;40;30;0;0;0;0;0;0;0;0;0;0;0;0;0;0;0;0
Union of Socialist Balkan Republics;0;400;0;0;0;600;0;0;0;40;30;0;0;0;0;0;0;0;0;0;0;0;0;0;0;0;0
Ruthenia;0;400;0;0;0;600;0;0;0;40;30;0;0;0;0;0;0;0;0;0;0;0;0;0;0;0;0
Cossackia;0;400;0;0;0;600;0;0;0;40;30;0;0;0;0;0;0;0;0;0;0;0;0;0;0;0;0
Bosnia;0;400;0;0;0;600;0;0;0;40;30;0;0;0;0;0;0;0;0;0;0;0;0;0;0;0;0
Serbia;0;400;0;0;0;600;0;0;0;40;30;0;0;0;0;0;0;0;0;0;0;0;0;0;0;0;0
Turkestan;0;400;0;0;0;600;0;0;0;40;30;0;0;0;0;0;0;0;0;0;0;0;0;0;0;0;0
Tatarstan;0;400;0;0;0;600;0;0;0;40;30;0;0;0;0;0;0;0;0;0;0;0;0;0;0;0;0
Far Eastern Autonomy;0;400;0;0;0;600;0;0;0;40;30;0;0;0;0;0;0;0;0;0;0;0;0;0;0;0;0
Ural;0;400;0;0;0;600;0;0;0;40;30;0;0;0;0;0;0;0;0;0;0;0;0;0;0;0;0
Novgorod;0;400;0;0;0;600;0;0;0;40;30;0;0;0;0;0;0;0;0;0;0;0;0;0;0;0;0
State of Siberia;0;400;0;0;0;600;0;0;0;40;30;0;0;0;0;0;0;0;0;0;0;0;0;0;0;0;0
Tsaritsyn;0;400;0;0;0;600;0;0;0;40;30;0;0;0;0;0;0;0;0;0;0;0;0;0;0;0;0
Kazakhstan;0;400;0;0;0;600;0;0;0;40;30;0;0;0;0;0;0;0;0;0;0;0;0;0;0;0;0
