Canada;0;0;0;0;0;0;0;0;0;0
USA;0;0;0;0;0;0;0;0;0;0
Singapore;0;0;0;0;0;0;0;0;0;0
Burkina-Faso;0;0;0;0;0;0;0;0;0;0
Mexico;0;0;0;0;0;0;0;0;0;0
Guatemala;0;0;0;0;0;0;0;0;0;0
Belize;0;0;0;0;0;0;0;0;0;0
Gonduras;0;0;0;0;0;0;0;0;0;0
Salvador;0;0;0;0;0;0;0;0;0;0
Nicaragua;0;0;0;0;0;0;0;0;0;0
Costa Rica;0;0;0;0;0;0;0;0;0;0
Panama;0;0;0;0;0;0;0;0;0;0
Jamaica;0;0;0;0;0;0;0;0;0;0
Cuba;0;0;0;0;0;0;0;0;0;0
Bahamas;0;0;0;0;0;0;0;0;0;0
Puerto Rico;0;0;0;0;0;0;0;0;0;0
UK;0;0;0;0;0;0;0;0;0;0
Haiti;0;0;0;0;0;0;0;0;0;0
Dominican Republic;0;0;0;0;0;0;0;0;0;0
Saint Kitts and Nevis;0;0;0;0;0;0;0;0;0;0
Antigua and Barbuda;0;0;0;0;0;0;0;0;0;0
France;0;0;0;0;0;0;0;0;0;0
Dominica;0;0;0;0;0;0;0;0;0;0
Saint Lucia;0;0;0;0;0;0;0;0;0;0
Saint Vincent and the Grenadines;0;0;0;0;0;0;0;0;0;0
Barbados;0;0;0;0;0;0;0;0;0;0
Grenada;0;0;0;0;0;0;0;0;0;0
Trinidad and Tobago;0;0;0;0;0;0;0;0;0;0
Venezuela;0;0;0;0;0;0;0;0;0;0
Colombia;0;0;0;0;0;0;0;0;0;0
Ecuador;0;0;0;0;0;0;0;0;0;0
Peru;0;0;0;0;0;0;0;0;0;0
Bolivia;0;0;0;0;0;0;0;0;0;0
Chile;0;0;0;0;0;0;0;0;0;0
Argentina;0;0;0;0;0;0;0;0;0;0
Paraguay;0;0;0;0;0;0;0;0;0;0
Uruguay;0;0;0;0;0;0;0;0;0;0
Brazil;0;0;0;0;0;0;0;0;0;0
Suriname;0;0;0;0;0;0;0;0;0;0
Guyana;0;0;0;0;0;0;0;0;0;0
Cabo Verde;0;0;0;0;0;0;0;0;0;0
West Sakhara;0;0;0;0;0;0;0;0;0;0
Mavritaniya;0;0;0;0;0;0;0;0;0;0
Senegal;0;0;0;0;0;0;0;0;0;0
Gambia;0;0;0;0;0;0;0;0;0;0
Guinea-Bissau;0;0;0;0;0;0;0;0;0;0
Guinea;0;0;0;0;0;0;0;0;0;0
Sierra Leone;0;0;0;0;0;0;0;0;0;0
Liberia;0;0;0;0;0;0;0;0;0;0
Cote d'Ivoire;0;0;0;0;0;0;0;0;0;0
Gana;0;0;0;0;0;0;0;0;0;0
Togo;0;0;0;0;0;0;0;0;0;0
Benin;0;0;0;0;0;0;0;0;0;0
Nigeria;0;0;0;0;0;0;0;0;0;0
Cameroon;0;0;0;0;0;0;0;0;0;0
Gabon;0;0;0;0;0;0;0;0;0;0
Equatorial Guinea;0;0;0;0;0;0;0;0;0;0
Sao Tome;0;0;0;0;0;0;0;0;0;0
Congo;0;0;0;0;0;0;0;0;0;0
Democratic Republic of the Congo;0;0;0;0;0;0;0;0;0;0
Angola;0;0;0;0;0;0;0;0;0;0
Namibia;0;0;0;0;0;0;0;0;0;0
South African Republic;0;0;0;0;0;0;0;0;0;0
Lesotho;0;0;0;0;0;0;0;0;0;0
Eswatini;0;0;0;0;0;0;0;0;0;0
Botswana;0;0;0;0;0;0;0;0;0;0
Zimbabwe;0;0;0;0;0;0;0;0;0;0
Mozambique;0;0;0;0;0;0;0;0;0;0
Malawi;0;0;0;0;0;0;0;0;0;0
Zambia;0;0;0;0;0;0;0;0;0;0
Tanzania;0;0;0;0;0;0;0;0;0;0
Burundi;0;0;0;0;0;0;0;0;0;0
Rwanda;0;0;0;0;0;0;0;0;0;0
Uganda;0;0;0;0;0;0;0;0;0;0
Kenya;0;0;0;0;0;0;0;0;0;0
Somalia;0;0;0;0;0;0;0;0;0;0
Ethiopia;0;0;0;0;0;0;0;0;0;0
Djibouti;0;0;0;0;0;0;0;0;0;0
Eritrea;0;0;0;0;0;0;0;0;0;0
Sudan;0;0;0;0;0;0;0;0;0;0
Central African Republic;0;0;0;0;0;0;0;0;0;0
Chad;0;0;0;0;0;0;0;0;0;0
Niger;0;0;0;0;0;0;0;0;0;0
Mali;0;0;0;0;0;0;0;0;0;0
Algeria;0;0;0;0;0;0;0;0;0;0
Marocco;0;0;0;0;0;0;0;0;0;0
Tunisia;0;0;0;0;0;0;0;0;0;0
Lybia;0;0;0;0;0;0;0;0;0;0
Egypt;0;0;0;0;0;0;0;0;0;0
Israel;0;0;0;0;0;0;0;0;0;0
Palestine;0;0;0;0;0;0;0;0;0;0
Jordan;0;0;0;0;0;0;0;0;0;0
Saudi Arabia;0;0;0;0;0;0;0;0;0;0
Yemen;0;0;0;0;0;0;0;0;0;0
Oman;0;0;0;0;0;0;0;0;0;0
United Arab Emirates;0;0;0;0;0;0;0;0;0;0
Qatar;0;0;0;0;0;0;0;0;0;0
Bahrain;0;0;0;0;0;0;0;0;0;0
Kuwait;0;0;0;0;0;0;0;0;0;0
Iraq;0;0;0;0;0;0;0;0;0;0
Syria;0;0;0;0;0;0;0;0;0;0
Lebanon;0;0;0;0;0;0;0;0;0;0
Cyprus;0;0;0;0;0;0;0;0;0;0
Turkey;0;0;0;0;0;0;0;0;0;0
Greece;0;0;0;0;0;0;0;0;0;0
Albania;0;0;0;0;0;0;0;0;0;0
North Macedonia;0;0;0;0;0;0;0;0;0;0
Yugoslavia;0;0;0;0;0;0;0;0;0;0
Croatia;0;0;0;0;0;0;0;0;0;0
Slovenia;0;0;0;0;0;0;0;0;0;0
Italy;0;0;0;0;0;0;0;0;0;0
San-Marino;0;0;0;0;0;0;0;0;0;0
Vatican;0;0;0;0;0;0;0;0;0;0
Switzerland;0;0;0;0;0;0;0;0;0;0
Monaco;0;0;0;0;0;0;0;0;0;0
Andorra;0;0;0;0;0;0;0;0;0;0
Spain;0;0;0;0;0;0;0;0;0;0
Portugal;0;0;0;0;0;0;0;0;0;0
Ireland;0;0;0;0;0;0;0;0;0;0
Iceland;0;0;0;0;0;0;0;0;0;0
Denmark;0;0;0;0;0;0;0;0;0;0
Norway;0;0;0;0;0;0;0;0;0;0
Sweden;0;0;0;0;0;0;0;0;0;0
Finland;0;0;0;0;0;0;0;0;0;0
Estonia;0;0;0;0;0;0;0;0;0;0
Latvia;0;0;0;0;0;0;0;0;0;0
Lithuania;0;0;0;0;0;0;0;0;0;0
Poland;0;0;0;0;0;0;0;0;0;0
Germany;0;0;0;0;0;0;0;0;0;0
Luxemburg;0;0;0;0;0;0;0;0;0;0
Belgium;0;0;0;0;0;0;0;0;0;0
Netherlands;0;0;0;0;0;0;0;0;0;0
Austria;0;0;0;0;0;0;0;0;0;0
Czechoslovakia;0;0;0;0;0;0;0;0;0;0
Hungary;0;0;0;0;0;0;0;0;0;0
Romania;0;0;0;0;0;0;0;0;0;0
Bulgaria;0;0;0;0;0;0;0;0;0;0
Moldavia;0;0;0;0;0;0;0;0;0;0
Transnistria;0;0;0;0;0;0;0;0;0;0
Ukraine;0;0;0;0;0;0;0;0;0;0
Belarus;0;0;0;0;0;0;0;0;0;0
Russia;0;0;0;0;0;0;0;0;0;0
China;0;0;0;0;0;0;0;0;0;0
Taiwan;0;0;0;0;0;0;0;0;0;0
Vietnam;0;0;0;0;0;0;0;0;0;0
Cambodia;0;0;0;0;0;0;0;0;0;0
Laos;0;0;0;0;0;0;0;0;0;0
Thailand;0;0;0;0;0;0;0;0;0;0
Burma;0;0;0;0;0;0;0;0;0;0
Bangladesh;0;0;0;0;0;0;0;0;0;0
India;0;0;0;0;0;0;0;0;0;0
Sri Lanka;0;0;0;0;0;0;0;0;0;0
Nepal;0;0;0;0;0;0;0;0;0;0
Bhutan;0;0;0;0;0;0;0;0;0;0
Pakistan;0;0;0;0;0;0;0;0;0;0
Afghanistan;0;0;0;0;0;0;0;0;0;0
Tajikistan;0;0;0;0;0;0;0;0;0;0
Kyrgyzstan;0;0;0;0;0;0;0;0;0;0
Kazakh ASSR;0;0;0;0;0;0;0;0;0;0
Uzbekistan;0;0;0;0;0;0;0;0;0;0
Turkmenistan;0;0;0;0;0;0;0;0;0;0
Iran;0;0;0;0;0;0;0;0;0;0
Azerbaijan;0;0;0;0;0;0;0;0;0;0
Armenia;0;0;0;0;0;0;0;0;0;0
Georgia;0;0;0;0;0;0;0;0;0;0
Malaysia;0;0;0;0;0;0;0;0;0;0
Indonesia;0;0;0;0;0;0;0;0;0;0
Papua New Guinea;0;0;0;0;0;0;0;0;0;0
Philippines;0;0;0;0;0;0;0;0;0;0
North Korea;0;0;0;0;0;0;0;0;0;0
South Korea;0;0;0;0;0;0;0;0;0;0
Japan;0;0;0;0;0;0;0;0;0;0
Solomon Islands;0;0;0;0;0;0;0;0;0;0
New Zealand;0;0;0;0;0;0;0;0;0;0
Fiji;0;0;0;0;0;0;0;0;0;0
Australia;0;0;0;0;0;0;0;0;0;0
East Timor;0;0;0;0;0;0;0;0;0;0
Madagascar;0;0;0;0;0;0;0;0;0;0
Mongolia;0;0;0;0;0;0;0;0;0;0
Malta;0;0;0;0;0;0;0;0;0;0
Slovakia;0;0;0;0;0;0;0;0;0;0
Czechia;0;0;0;0;0;0;0;0;0;0
USSR;0;0;0;0;0;0;0;0;0;0
Zapadoslavia;0;0;0;0;0;0;0;0;0;0
Byzantium;0;0;0;0;0;0;0;0;0;0
Sparta;0;0;0;0;0;0;0;0;0;0
Great Macedonia;0;0;0;0;0;0;0;0;0;0
Transcaucasia;0;0;0;0;0;0;0;0;0;0
United Arab Republic;0;0;0;0;0;0;0;0;0;0
Gran Colombia;0;0;0;0;0;0;0;0;0;0
Turkic Union;0;0;0;0;0;0;0;0;0;0
Scandinavia;0;0;0;0;0;0;0;0;0;0
Intermarium;0;0;0;0;0;0;0;0;0;0
Sich;0;0;0;0;0;0;0;0;0;0
Roman Empire;0;0;0;0;0;0;0;0;0;0
Great Germania;0;0;0;0;0;0;0;0;0;0
Prussia;0;0;0;0;0;0;0;0;0;0
Great Moravia;0;0;0;0;0;0;0;0;0;0
Mongol Empire;0;0;0;0;0;0;0;0;0;0
Korea;0;0;0;0;0;0;0;0;0;0
Abyssinia;0;0;0;0;0;0;0;0;0;0
Holy Roman Empire;0;0;0;0;0;0;0;0;0;0
The Papal State;0;0;0;0;0;0;0;0;0;0
Francia;0;0;0;0;0;0;0;0;0;0
Great Britain;0;0;0;0;0;0;0;0;0;0
Iberia;0;0;0;0;0;0;0;0;0;0
Baltia;0;0;0;0;0;0;0;0;0;0
Polish-Lithuanian Commonwealth;0;0;0;0;0;0;0;0;0;0
Union of Socialist Balkan Republics;0;0;0;0;0;0;0;0;0;0
Ruthenia;0;0;0;0;0;0;0;0;0;0
Cossackia;0;0;0;0;0;0;0;0;0;0
Bosnia;0;0;0;0;0;0;0;0;0;0
Serbia;0;0;0;0;0;0;0;0;0;0
Turkestan;0;0;0;0;0;0;0;0;0;0
Tatarstan;0;0;0;0;0;0;0;0;0;0
Far Eastern Autonomy;0;0;0;0;0;0;0;0;0;0
Ural;0;0;0;0;0;0;0;0;0;0
Novgorod;0;0;0;0;0;0;0;0;0;0
State of Siberia;0;0;0;0;0;0;0;0;0;0
Tsaritsyn;0;0;0;0;0;0;0;0;0;0
Kazakhstan;0;0;0;0;0;0;0;0;0;0
